0.000100 3.000000 0.000000 0.000000 -0.000338
0.100100 3.000000 0.000000 0.000000 -0.328828
0.200100 3.000000 0.000000 0.000000 -0.639319
0.300100 3.000000 0.000000 0.000000 -0.931810
0.400100 3.000000 0.000000 0.000000 -1.206301
0.500100 3.000000 0.000000 0.000000 -1.462792
0.600100 3.000000 0.000000 0.000000 -1.701283
0.700100 2.999920 -0.000160 -0.000000 -1.921593
0.800100 2.999920 -0.000160 -0.000000 -2.124143
0.900100 2.999840 -0.000480 -0.000000 -2.308486
1.000100 2.998600 -0.003680 -0.000006 -2.471943
1.100100 2.997120 -0.006520 -0.000019 -2.616674
1.200100 2.995840 -0.011160 -0.000080 -2.742271
1.300100 2.991400 -0.021520 -0.000317 -2.841077
1.400100 2.985880 -0.032840 -0.000782 -2.917695
1.500100 2.977200 -0.052240 -0.002189 -2.965247
1.600100 2.966640 -0.077560 -0.005680 -2.979992
1.700100 2.949360 -0.111200 -0.012666 -2.956946
1.800100 2.922480 -0.159640 -0.030765 -2.860862
1.900100 2.885280 -0.223920 -0.068158 -2.702446
2.000100 2.834600 -0.298440 -0.127920 -2.470400
2.100100 2.728520 -0.429840 -0.291126 -1.973484
2.200100 2.670160 -0.498400 -0.426948 -1.631512
2.300100 2.540320 -0.625000 -0.731180 -0.968718
2.400100 2.441880 -0.716320 -1.055571 -0.398451
2.500100 2.309080 -0.785760 -1.366198 0.338724
2.600100 2.209440 -0.841800 -1.640736 0.921702
2.700100 2.136440 -0.882760 -1.921776 1.425831
2.800100 2.096480 -0.913480 -2.170502 1.780477
2.900100 2.057960 -0.933080 -2.373949 2.148300
3.000100 2.027440 -0.962880 -2.641500 2.445902
3.100100 1.991400 -0.982320 -2.859471 2.854565
3.200100 2.013160 -0.984120 -2.997974 2.973319
3.300100 1.988240 -1.012200 -3.270364 3.331721
3.400100 1.996360 -1.013960 -3.389087 3.544107
3.500100 2.010520 -1.033520 -3.634667 3.670388
3.600100 1.994080 -1.046760 -3.893066 4.020797
3.700100 1.991680 -1.043360 -3.896414 4.302118
3.800100 2.009000 -1.068040 -4.189890 4.474009
3.900100 2.003600 -1.072280 -4.363927 4.750506
4.000100 2.012520 -1.075080 -4.435762 4.988334
4.100100 2.013760 -1.089200 -4.630663 5.285032
4.200100 1.997360 -1.089320 -4.692021 5.675063
4.300100 2.002200 -1.097720 -4.807789 5.949570
4.400100 2.005400 -1.097720 -4.763427 6.219835
4.500100 1.990360 -1.114080 -5.078772 6.636661
4.600100 2.002840 -1.113360 -4.987888 6.960913
4.700100 1.996240 -1.130520 -5.232038 7.284733
4.800100 1.996040 -1.129080 -5.154461 7.668541
4.900100 2.000320 -1.135240 -5.169413 7.968756
