0.000100 3.000000 0.000000 0.000000 -0.000338
0.100100 3.000000 0.000000 0.000000 -0.328828
0.200100 3.000000 0.000000 0.000000 -0.639319
0.300100 3.000000 0.000000 0.000000 -0.931810
0.400100 3.000000 0.000000 0.000000 -1.206301
0.500100 3.000000 0.000000 0.000000 -1.462792
0.600100 3.000000 0.000000 0.000000 -1.701283
0.700100 3.000000 0.000000 0.000000 -1.921774
0.800100 3.000000 0.000000 0.000000 -2.124265
0.900100 3.000000 0.000000 0.000000 -2.308756
1.000100 3.000000 0.000000 0.000000 -2.475247
1.100100 2.999920 -0.000240 -0.000000 -2.623533
1.200100 2.999840 -0.000720 -0.000000 -2.753700
1.300100 2.999680 -0.001200 -0.000001 -2.865987
1.400100 2.999360 -0.002400 -0.000007 -2.958645
1.500100 2.999040 -0.003840 -0.000011 -3.034441
1.600100 2.998600 -0.005760 -0.000017 -3.092573
1.700100 2.996280 -0.014560 -0.000240 -3.122617
1.800100 2.995240 -0.017120 -0.000337 -3.140441
1.900100 2.994880 -0.020560 -0.000562 -3.143245
2.000100 2.991800 -0.032320 -0.001514 -3.115031
2.100100 2.987760 -0.048440 -0.003662 -3.063936
2.200100 2.984400 -0.058360 -0.006312 -2.994043
2.300100 2.979840 -0.074960 -0.010277 -2.908317
2.400100 2.971440 -0.109840 -0.024206 -2.773133
2.500100 2.960240 -0.139080 -0.045651 -2.596963
2.600100 2.950760 -0.168200 -0.067879 -2.430992
2.700100 2.942640 -0.197720 -0.106393 -2.228134
2.800100 2.917960 -0.264840 -0.199952 -1.923278
2.900100 2.900880 -0.316200 -0.307496 -1.634414
3.000100 2.891040 -0.349200 -0.399476 -1.361219
3.100100 2.845240 -0.456160 -0.693743 -0.867078
3.200100 2.791640 -0.573480 -1.187555 -0.277116
3.300100 2.744000 -0.670960 -1.699795 0.291355
3.400100 2.702480 -0.747880 -2.324052 0.910034
3.500100 2.616920 -0.889760 -3.380793 1.715897
3.600100 2.524480 -1.002600 -4.445131 2.672448
3.700100 2.442120 -1.100440 -5.785211 3.571551
3.800100 2.384880 -1.184680 -6.938847 4.332340
3.900100 2.309360 -1.254680 -7.910166 5.128420
4.000100 2.219280 -1.353800 -9.654580 6.060662
4.100100 2.162200 -1.371240 -10.086694 6.839662
4.200100 2.128480 -1.403600 -10.978971 7.422603
4.300100 2.078640 -1.454760 -12.131977 8.115489
4.400100 2.063600 -1.476480 -12.776010 8.602522
4.500100 2.035880 -1.504800 -13.606975 9.160739
4.600100 2.036040 -1.530200 -14.144095 9.554470
4.700100 2.007320 -1.547760 -14.897665 10.184347
4.800100 1.998200 -1.564080 -15.253812 10.694288
4.900100 2.011000 -1.570160 -15.606149 10.976134
