0.000100 3.000000 0.000000 0.000000 -0.000338
0.100100 3.000000 0.000000 0.000000 -0.328828
0.200100 3.000000 0.000000 0.000000 -0.639319
0.300100 3.000000 0.000000 0.000000 -0.931810
0.400100 3.000000 0.000000 0.000000 -1.206301
0.500100 3.000000 0.000000 0.000000 -1.462792
0.600100 2.999840 -0.000360 -0.000000 -1.701168
0.700100 2.999200 -0.001160 -0.000000 -1.920523
0.800100 2.998040 -0.003880 -0.000004 -2.120862
0.900100 2.994720 -0.008640 -0.000022 -2.298621
1.000100 2.986160 -0.022280 -0.000179 -2.446546
1.100100 2.976120 -0.039280 -0.000690 -2.566067
1.200100 2.947160 -0.075720 -0.002978 -2.616030
1.300100 2.904160 -0.128920 -0.010538 -2.596649
1.400100 2.838360 -0.192200 -0.026638 -2.480319
1.500100 2.746000 -0.276880 -0.062891 -2.250766
1.600100 2.600160 -0.374560 -0.129716 -1.821323
1.700100 2.438280 -0.472680 -0.233552 -1.307661
1.800100 2.307720 -0.534320 -0.329015 -0.851460
1.900100 2.177680 -0.577920 -0.424687 -0.359756
2.000100 2.106040 -0.615920 -0.521923 -0.059182
2.100100 2.061560 -0.635840 -0.607785 0.149276
2.200100 2.008480 -0.660840 -0.702879 0.462968
2.300100 2.007880 -0.675520 -0.782067 0.583307
2.400100 2.011840 -0.694120 -0.880110 0.673612
2.500100 2.003200 -0.704560 -0.960778 0.822849
2.600100 1.999640 -0.718920 -1.065002 0.980970
2.700100 1.993000 -0.724400 -1.124375 1.157675
2.800100 2.007640 -0.739600 -1.228215 1.270952
2.900100 1.991160 -0.742000 -1.273407 1.484516
3.000100 2.005280 -0.758160 -1.396096 1.600509
3.100100 2.015520 -0.772040 -1.531245 1.749050
3.200100 1.998280 -0.782680 -1.612697 2.006437
3.300100 2.012160 -0.783320 -1.646165 2.112088
3.400100 2.004200 -0.793800 -1.768820 2.379386
3.500100 2.007640 -0.793680 -1.805965 2.588140
3.600100 2.005360 -0.798960 -1.869486 2.769259
3.700100 2.005840 -0.804360 -1.920995 3.017931
3.800100 2.008600 -0.813200 -2.026360 3.173851
3.900100 2.004520 -0.816760 -2.077814 3.524252
4.000100 1.996760 -0.825320 -2.124048 3.767209
4.100100 1.995640 -0.822760 -2.100186 4.039682
4.200100 1.998440 -0.830880 -2.181019 4.297819
4.300100 1.996520 -0.831280 -2.167976 4.605907
4.400100 1.994400 -0.839480 -2.236001 4.900425
4.500100 2.006480 -0.844040 -2.246788 5.078341
4.600100 2.007480 -0.848480 -2.261876 5.408520
4.700100 1.998440 -0.852440 -2.255134 5.745117
4.800100 2.007200 -0.855360 -2.175061 6.017356
4.900100 2.011200 -0.859360 -2.221314 6.281851
