0.000100 1.000000 -3.000000 0.000000 0.000000
0.050100 1.000000 -3.000000 0.000000 0.000000
0.100100 1.000000 -3.000000 0.000000 0.000000
0.150100 1.000000 -3.000000 0.000000 0.000000
0.200100 1.000000 -3.000000 0.000000 0.000000
0.250100 1.000000 -3.000000 0.000000 0.000000
0.300100 1.000000 -3.000000 0.000000 0.000000
0.350100 1.000000 -3.000000 0.000000 0.000000
0.400100 1.000000 -3.000000 0.000000 0.000000
0.450100 1.000000 -3.000000 0.000000 0.000000
0.500100 1.000000 -3.000000 0.000000 0.000000
0.550100 1.000000 -3.000000 0.000000 0.000000
0.600100 1.000000 -3.000000 0.000000 0.000000
0.650100 1.000000 -3.000000 0.000000 0.000000
0.700100 1.000000 -3.000000 0.000000 0.000000
0.750100 1.000000 -3.000000 0.000000 0.000000
0.800100 1.000000 -3.000000 0.000000 0.000000
0.850100 1.000000 -3.000000 0.000000 0.000000
0.900100 1.000000 -3.000000 0.000000 0.000000
0.950100 1.000000 -3.000000 0.000000 0.000000
1.000100 1.000000 -3.000000 0.000000 0.000000
1.050100 1.000000 -3.000000 0.000000 0.000000
1.100100 1.000000 -3.000000 0.000000 0.000000
1.150100 1.000000 -3.000000 0.000000 0.000000
1.200100 1.000000 -3.000000 0.000000 0.000000
1.250100 1.000000 -3.000000 0.000000 0.000000
1.300100 1.000000 -3.000000 0.000000 0.000000
1.350100 1.000000 -3.000000 0.000000 0.000000
1.400100 1.000000 -3.000000 0.000000 0.000000
1.450100 1.000000 -3.000000 0.000000 0.000000
1.500100 0.998333 -2.989583 0.000000 0.000000
1.550100 1.000000 -3.000000 0.000000 0.000000
1.600100 1.000000 -3.000000 0.000000 0.000000
1.650100 1.000000 -3.000000 0.000000 0.000000
1.700100 1.000000 -3.000000 0.000000 0.000000
1.750100 1.000000 -3.000000 0.000000 0.000000
1.800100 0.997500 -2.985000 0.000000 0.000000
1.850100 0.998333 -2.989583 0.000000 0.000000
1.900100 0.998333 -2.989583 0.000000 0.000000
1.950100 0.995833 -2.975000 0.000000 0.000000
2.000100 0.995833 -2.974583 0.000000 0.000000
2.050100 0.995833 -2.975000 0.000000 0.000000
2.100100 0.990833 -2.945000 0.000000 0.000000
2.150100 0.993333 -2.960000 0.000000 0.000000
2.200100 0.985833 -2.917917 0.000000 0.000000
2.250100 0.989167 -2.935000 0.000000 0.000000
2.300100 0.993333 -2.963333 0.000000 0.000000
2.350100 0.981667 -2.890417 0.000000 0.000000
2.400100 0.988333 -2.932917 0.000000 0.000000
2.450100 0.980000 -2.881250 0.000000 0.000000
2.500100 0.982500 -2.902500 0.000000 0.000000
2.550100 0.974167 -2.850417 0.000000 0.000000
2.600100 0.974167 -2.845417 0.000000 0.000000
2.650100 0.973333 -2.844583 0.000000 0.000000
2.700100 0.950833 -2.721250 0.000000 0.000000
2.750100 0.971667 -2.837083 0.000000 0.000000
2.800100 0.938333 -2.663333 0.000000 0.000000
2.850100 0.965000 -2.797083 0.000000 0.000000
2.900100 0.960000 -2.784583 0.000000 0.000000
2.950100 0.944167 -2.698333 0.000000 0.000000
3.000100 0.939167 -2.669583 0.000000 0.000000
3.050100 0.945000 -2.709583 0.000000 0.000000
3.100100 0.946667 -2.709583 0.000000 0.000000
3.150100 0.925833 -2.584583 0.000000 0.000000
3.200100 0.955833 -2.754167 0.000000 0.000000
3.250100 0.909167 -2.533333 0.000000 0.000000
3.300100 0.894167 -2.428750 0.000000 0.000000
3.350100 0.912500 -2.545417 0.000000 0.000000
3.400100 0.893333 -2.420417 0.000000 0.000000
3.450100 0.905000 -2.505833 0.000000 0.000000
3.500100 0.848333 -2.231667 0.000000 0.000000
3.550100 0.870833 -2.340833 0.000000 0.000000
3.600100 0.840000 -2.211667 0.000000 0.000000
3.650100 0.817500 -2.138750 0.000000 0.000000
3.700100 0.838333 -2.212917 0.000000 0.000000
3.750100 0.817500 -2.104167 0.000000 0.000000
3.800100 0.813333 -2.078750 0.000000 0.000000
3.850100 0.779167 -2.002500 0.000000 0.000000
3.900100 0.795000 -2.013333 0.000000 0.000000
3.950100 0.745833 -1.833750 0.000000 0.000000
4.000100 0.647500 -1.507083 0.000000 0.000000
4.050100 0.750833 -1.844583 0.000000 0.000000
4.100100 0.688333 -1.660000 0.000000 0.000000
4.150100 0.659167 -1.600000 0.000000 0.000000
4.200100 0.369167 -0.844167 0.000000 0.000000
4.250100 0.529167 -1.279167 0.000000 0.000000
4.300100 0.505000 -0.976250 0.000000 0.000000
4.350100 0.308333 -0.875417 0.000000 0.000000
4.400100 0.144167 -0.439583 0.000000 0.000000
4.450100 0.162500 -0.615833 0.000000 0.000000
4.500100 0.129167 -0.419167 0.000000 0.000000
4.550100 0.154167 -0.369167 0.000000 0.000000
4.600100 0.167500 -0.388750 0.000000 0.000000
4.650100 0.070833 -0.383750 0.000000 0.000000
4.700100 0.116667 -0.656667 0.000000 0.000000
4.750100 0.108333 -0.395833 0.000000 0.000000
4.800100 0.190000 -0.339167 0.000000 0.000000
4.850100 0.088333 -0.520833 0.000000 0.000000
4.900100 0.110833 -0.291667 0.000000 0.000000
4.950100 0.059167 -0.232083 0.000000 0.000000
