0.000010 1.000000 -3.000000 0.000000 0.000000
0.050010 1.000000 -3.000000 0.022509 0.050010
0.100010 1.000000 -3.000000 0.180036 0.200020
0.150010 1.000000 -3.000000 0.607581 0.450030
0.200010 1.000000 -3.000000 1.440144 0.800040
0.250010 1.000000 -3.000000 2.812725 1.250050
0.300010 1.000000 -3.000000 4.860324 1.800060
0.350010 1.000000 -3.000000 7.717941 2.450070
0.400010 1.000000 -3.000000 11.520576 3.200080
0.450010 1.000000 -3.000000 16.403229 4.050090
0.500010 1.000000 -3.000000 22.500900 5.000100
0.550010 1.000000 -3.000000 29.948589 6.050110
0.600010 1.000000 -3.000000 38.881296 7.200120
0.650010 1.000000 -3.000000 49.434021 8.450130
0.700010 1.000000 -3.000000 61.741764 9.800140
0.750010 1.000000 -3.000000 75.939525 11.250150
0.800010 1.000000 -3.000000 92.162304 12.800160
0.850010 1.000000 -3.000000 110.545101 14.450170
0.900010 1.000000 -3.000000 131.222916 16.200180
0.950010 1.000000 -3.000000 154.330749 18.050190
1.000010 1.000000 -3.000000 180.003600 20.000200
1.050010 1.000000 -3.000000 208.376469 22.050210
1.100010 1.000000 -3.000000 239.584356 24.200220
1.150010 1.000000 -3.000000 273.762261 26.450230
1.200010 1.000000 -3.000000 311.045184 28.800240
1.250010 1.000000 -3.000000 351.568125 31.250250
1.300010 1.000000 -3.000000 395.466084 33.800260
1.350010 1.000000 -3.000000 442.874061 36.450270
1.400010 1.000000 -3.000000 493.927056 39.200280
1.450010 1.000000 -3.000000 548.760069 42.050290
1.500010 0.998000 -2.988000 607.508100 45.000300
1.550010 1.000000 -3.000000 670.133513 48.044116
1.600010 0.998000 -2.988000 737.105262 51.193926
1.650010 0.992000 -2.952000 808.201040 54.437143
1.700010 0.998000 -2.988000 883.109400 57.759662
1.750010 1.000000 -3.000000 963.163386 61.201483
1.800010 0.998000 -2.988000 1048.147551 64.750097
1.850010 0.998000 -2.988000 1137.743297 68.391318
1.900010 0.996000 -2.976000 1232.304608 72.132139
1.950010 0.996000 -2.976000 1331.693267 75.964785
2.000010 1.000000 -3.000000 1436.287067 79.896631
2.050010 0.996000 -2.976000 1546.821600 83.944047
2.100010 0.984000 -2.908000 1662.253987 88.074697
2.150010 0.994000 -2.964000 1781.441242 92.253463
2.200010 0.988000 -2.928000 1907.783261 96.572572
2.250010 0.976000 -2.856000 2038.887834 100.963727
2.300010 0.978000 -2.880000 2173.661027 105.398289
2.350010 0.982000 -2.896000 2315.001072 109.937294
2.400010 0.984000 -2.916000 2462.867776 114.590762
2.450010 0.986000 -2.916000 2617.595794 119.350297
2.500010 0.968000 -2.820000 2778.670729 124.216507
2.550010 0.968000 -2.824000 2942.639460 129.090248
2.600010 0.980000 -2.896000 3113.079226 134.057691
2.650010 0.950000 -2.724000 3292.860720 139.180783
2.700010 0.968000 -2.820000 3472.384874 144.243585
2.750010 0.956000 -2.776000 3662.322503 149.491578
2.800010 0.966000 -2.824000 3857.124910 154.768626
2.850010 0.964000 -2.796000 4060.886018 160.191846
2.900010 0.968000 -2.808000 4270.369230 165.697187
2.950010 0.952000 -2.736000 4487.510751 171.318255
3.000010 0.956000 -2.740000 4708.290092 176.940866
3.050010 0.928000 -2.624000 4936.380329 182.677384
3.100010 0.920000 -2.596000 5165.723843 188.341765
3.150010 0.936000 -2.656000 5400.573685 194.045694
3.200010 0.928000 -2.620000 5645.617457 199.929290
3.250010 0.890000 -2.480000 5895.926438 205.852032
3.300010 0.908000 -2.536000 6145.712740 211.632915
3.350010 0.902000 -2.484000 6405.532399 217.601427
3.400010 0.924000 -2.600000 6669.497260 223.615462
3.450010 0.898000 -2.468000 6947.562091 229.849450
3.500010 0.844000 -2.220000 7225.014846 236.003014
3.550010 0.812000 -2.172000 7495.028247 241.903276
3.600010 0.856000 -2.316000 7768.782242 247.684000
3.650010 0.884000 -2.384000 8057.540112 253.798540
3.700010 0.788000 -2.024000 8357.612973 260.166618
3.750010 0.808000 -2.192000 8642.628419 266.010919
3.800010 0.800000 -2.064000 8944.016956 272.038612
3.850010 0.786000 -2.108000 9244.079276 278.082064
3.900010 0.712000 -1.832000 9553.332205 284.102921
3.950010 0.770000 -1.968000 9852.224794 289.747691
4.000010 0.734000 -1.844000 10165.194890 295.786979
4.050010 0.672000 -1.724000 10476.686717 301.666275
4.100010 0.786000 -2.032000 10786.929028 307.242039
4.150010 0.722000 -1.892000 11122.740910 313.552744
4.200010 0.458000 -1.380000 11455.518248 319.519877
4.250010 0.604000 -1.496000 11764.289927 324.215175
4.300010 0.620000 -1.476000 12084.105474 329.598175
4.350010 0.522000 -1.352000 12407.988686 335.102846
4.400010 0.610000 -1.476000 12730.256841 340.153527
4.450010 0.346000 -0.992000 13064.365526 345.674748
4.500010 0.472000 -1.240000 13379.522824 350.097448
4.550010 0.428000 -1.104000 13710.328983 355.001080
4.600010 0.046000 -0.872000 14039.100120 359.744831
4.650010 0.134000 -0.788000 14362.397436 363.664932
4.700010 0.262000 -0.820000 14686.642823 367.659692
4.750010 0.224000 -0.808000 15015.957139 371.897017
4.800010 0.134000 -0.804000 15348.787747 376.052559
4.850010 0.134000 -0.924000 15685.424318 380.056852
4.900010 0.364000 -1.040000 16031.000767 384.062941
4.950010 0.130000 -0.724000 16386.334585 388.637799
