0.000000 0.032800 -6576.000000
0.100000 1.000000 -10000.000000
0.200000 -1.000000 -10000.000000
0.300000 1.000000 -10000.000000
0.400000 1.000000 -10000.000000
0.500000 -0.999200 -9984.000000
0.600000 -0.998400 -9968.000000
0.700000 0.992000 -9856.000000
0.800000 0.165600 -9064.000000
0.900000 0.508800 -8496.000000
1.000000 0.815200 -8352.000000
1.100000 0.152800 -7296.000000
1.200000 -0.265600 -5744.000000
1.300000 0.079200 -5184.000000
1.400000 0.122400 -4480.000000
1.500000 -0.158400 -4432.000000
1.600000 -0.039200 -3800.000000
1.700000 -0.005600 -2992.000000
1.800000 -0.020000 -3320.000000
1.900000 0.023200 -3168.000000
2.000000 0.014400 -2504.000000
2.100000 0.004000 -2936.000000
2.200000 0.009600 -2344.000000
2.300000 -0.040800 -2176.000000
2.400000 -0.048000 -2304.000000
2.500000 0.029600 -2232.000000
2.600000 0.044800 -2024.000000
2.700000 -0.016000 -1992.000000
2.800000 0.028800 -2144.000000
2.900000 -0.008800 -1840.000000
3.000000 -0.010400 -1872.000000
3.100000 -0.051200 -1944.000000
3.200000 0.030400 -1656.000000
3.300000 0.020800 -1712.000000
3.400000 0.027200 -1664.000000
3.500000 -0.008800 -1448.000000
3.600000 -0.022400 -1448.000000
3.700000 -0.013600 -1312.000000
3.800000 0.090400 -1440.000000
3.900000 -0.009600 -1208.000000
4.000000 -0.000800 -1416.000000
4.100000 -0.038400 -1192.000000
4.200000 -0.000800 -1064.000000
4.300000 -0.038400 -1416.000000
4.400000 0.027200 -1192.000000
4.500000 -0.060800 -864.000000
4.600000 0.007200 -984.000000
4.700000 0.011200 -1208.000000
4.800000 -0.036000 -928.000000
4.900000 -0.008000 -960.000000
5.000000 0.016800 -1136.000000
5.100000 -0.006400 -880.000000
5.200000 -0.007200 -1192.000000
5.300000 0.007200 -888.000000
5.400000 0.001600 -1024.000000
5.500000 0.064800 -776.000000
5.600000 -0.024000 -800.000000
5.700000 -0.056000 -808.000000
5.800000 -0.057600 -720.000000
5.900000 0.005600 -728.000000
6.000000 0.006400 -760.000000
6.100000 -0.002400 -976.000000
6.200000 0.002400 -872.000000
6.300000 -0.003200 -784.000000
6.400000 -0.016000 -680.000000
6.500000 0.036000 -728.000000
6.600000 -0.004800 -760.000000
6.700000 -0.064000 -944.000000
6.800000 -0.018400 -584.000000
6.900000 0.017600 -680.000000
7.000000 -0.004000 -720.000000
7.100000 0.001600 -544.000000
7.200000 0.012000 -840.000000
7.300000 -0.034400 -456.000000
7.400000 0.036800 -768.000000
7.500000 -0.002400 -768.000000
7.600000 0.014400 -536.000000
7.700000 -0.037600 -680.000000
7.800000 0.004000 -488.000000
7.900000 -0.014400 -872.000000
8.000000 -0.036000 -776.000000
8.100000 0.004000 -600.000000
8.200000 -0.020000 -472.000000
8.300000 0.050400 -808.000000
8.400000 0.027200 -632.000000
8.500000 0.001600 -688.000000
8.600000 0.003200 -784.000000
8.700000 0.005600 -600.000000
8.800000 0.004800 -728.000000
8.900000 -0.036800 -552.000000
9.000000 -0.025600 -624.000000
9.100000 0.006400 -384.000000
9.200000 -0.016000 -640.000000
9.300000 0.027200 -728.000000
9.400000 0.008800 -712.000000
9.500000 0.018400 -544.000000
9.600000 -0.014400 -680.000000
9.700000 0.019200 -632.000000
9.800000 0.020000 -600.000000
9.900000 0.029600 -712.000000
