0.000000 0.383333 -58.000000
0.100000 1.000000 -90.500000
0.200000 1.000000 -90.500000
0.300000 1.000000 -90.500000
0.400000 1.000000 -90.500000
0.500000 1.000000 -90.500000
0.600000 0.983333 -86.500000
0.700000 0.950000 -86.500000
0.800000 0.983333 -84.500000
0.900000 0.975000 -87.500000
1.000000 0.966667 -83.500000
1.100000 0.025000 -26.000000
1.200000 0.275000 -11.000000
1.300000 -0.083333 -5.000000
1.400000 -0.091667 -6.500000
1.500000 -0.166667 -13.000000
1.600000 -0.033333 5.500000
1.700000 0.025000 14.000000
1.800000 0.008333 6.500000
1.900000 -0.050000 -3.500000
2.000000 0.016667 4.500000
2.100000 -0.058333 18.500000
2.200000 -0.100000 20.000000
2.300000 -0.100000 -5.000000
2.400000 -0.016667 -4.500000
2.500000 0.091667 15.500000
2.600000 0.050000 -13.000000
2.700000 -0.066667 18.500000
2.800000 -0.041667 -22.500000
2.900000 0.166667 8.000000
3.000000 -0.041667 4.500000
3.100000 -0.075000 4.000000
3.200000 -0.008333 6.500000
3.300000 -0.100000 7.500000
3.400000 -0.075000 8.000000
3.500000 -0.091667 8.500000
3.600000 -0.150000 4.000000
3.700000 0.133333 0.000000
3.800000 -0.100000 11.000000
3.900000 -0.100000 2.000000
4.000000 -0.033333 5.500000
4.100000 0.000000 26.500000
4.200000 0.016667 -14.500000
4.300000 -0.016667 -1.500000
4.400000 -0.100000 9.000000
4.500000 0.008333 12.500000
4.600000 -0.075000 16.500000
4.700000 0.091667 12.000000
4.800000 -0.025000 -0.500000
4.900000 0.016667 22.000000
5.000000 -0.050000 1.000000
5.100000 0.041667 24.500000
5.200000 0.025000 27.000000
5.300000 0.075000 4.500000
5.400000 -0.050000 7.500000
5.500000 -0.008333 -3.000000
5.600000 0.016667 25.000000
5.700000 0.033333 25.500000
5.800000 0.041667 7.000000
5.900000 -0.033333 15.000000
6.000000 -0.025000 5.500000
6.100000 -0.008333 7.500000
6.200000 0.033333 1.000000
6.300000 0.058333 5.500000
6.400000 0.083333 8.000000
6.500000 0.116667 -1.000000
6.600000 0.016667 1.500000
6.700000 -0.150000 -3.500000
6.800000 -0.091667 1.000000
6.900000 0.058333 7.000000
7.000000 0.066667 17.000000
7.100000 0.025000 0.000000
7.200000 -0.033333 -4.000000
7.300000 0.083333 -6.000000
7.400000 0.008333 27.500000
7.500000 0.083333 28.500000
7.600000 -0.100000 -6.000000
7.700000 -0.050000 3.500000
7.800000 -0.058333 9.500000
7.900000 0.108333 13.000000
8.000000 -0.025000 14.000000
8.100000 0.083333 4.000000
8.200000 -0.058333 -15.500000
8.300000 0.008333 25.000000
8.400000 -0.033333 8.000000
8.500000 -0.008333 5.500000
8.600000 0.041667 2.000000
8.700000 -0.100000 27.500000
8.800000 0.025000 17.500000
8.900000 0.058333 -10.500000
9.000000 0.075000 8.500000
9.100000 0.033333 14.000000
9.200000 -0.058333 18.000000
9.300000 -0.050000 31.500000
9.400000 -0.041667 13.000000
9.500000 0.083333 19.500000
9.600000 -0.050000 18.500000
9.700000 0.025000 26.000000
9.800000 0.150000 -7.000000
9.900000 0.058333 2.000000
