0.000000 0.032800 -6576.000000
0.050000 1.000000 -10000.000000
0.100000 1.000000 -10000.000000
0.150000 1.000000 -10000.000000
0.200000 1.000000 -10000.000000
0.250000 1.000000 -10000.000000
0.300000 1.000000 -10000.000000
0.350000 1.000000 -10000.000000
0.400000 1.000000 -10000.000000
0.450000 0.326400 -9336.000000
0.500000 1.000000 -10000.000000
0.550000 1.000000 -10000.000000
0.600000 0.137600 -9144.000000
0.650000 0.267200 -9352.000000
0.700000 1.000000 -10000.000000
0.750000 1.000000 -10000.000000
0.800000 1.000000 -10000.000000
0.850000 0.190400 -9344.000000
0.900000 0.363200 -9304.000000
0.950000 0.998400 -9968.000000
1.000000 0.146400 -9360.000000
1.050000 1.000000 -10000.000000
1.100000 0.112800 -9408.000000
1.150000 0.998400 -9968.000000
1.200000 0.999200 -9984.000000
1.250000 0.997600 -9952.000000
1.300000 0.993600 -9880.000000
1.350000 0.129600 -9328.000000
1.400000 0.119200 -9280.000000
1.450000 0.988000 -9776.000000
1.500000 0.985600 -9728.000000
1.550000 0.972800 -9552.000000
1.600000 0.980000 -9616.000000
1.650000 0.979200 -9608.000000
1.700000 0.311200 -8912.000000
1.750000 0.965600 -9432.000000
1.800000 0.951200 -9224.000000
1.850000 0.940000 -9056.000000
1.900000 0.101600 -8464.000000
1.950000 0.805600 -8528.000000
2.000000 0.787200 -8592.000000
2.050000 0.610400 -8128.000000
2.100000 0.879200 -8264.000000
2.150000 0.028800 -7272.000000
2.200000 0.201600 -7392.000000
2.250000 0.518400 -6864.000000
2.300000 0.138400 -6920.000000
2.350000 0.052800 -6128.000000
2.400000 0.059200 -6104.000000
2.450000 0.144800 -6072.000000
2.500000 0.280800 -5760.000000
2.550000 0.214400 -5320.000000
2.600000 0.156000 -4920.000000
2.650000 0.229600 -4960.000000
2.700000 0.032000 -4824.000000
2.750000 0.061600 -4288.000000
2.800000 0.032800 -4440.000000
2.850000 0.040000 -4248.000000
2.900000 0.069600 -4184.000000
2.950000 0.056800 -3976.000000
3.000000 0.100000 -4072.000000
3.050000 0.119200 -3800.000000
3.100000 0.020800 -3720.000000
3.150000 0.010400 -3632.000000
3.200000 0.016000 -3952.000000
3.250000 0.052000 -3576.000000
3.300000 0.018400 -3656.000000
3.350000 0.065600 -3560.000000
3.400000 0.035200 -3544.000000
3.450000 0.024000 -3504.000000
3.500000 0.037600 -3080.000000
3.550000 0.115200 -3624.000000
3.600000 0.004000 -3480.000000
3.650000 0.019200 -3120.000000
3.700000 0.057600 -2928.000000
3.750000 0.030400 -3408.000000
3.800000 0.037600 -2800.000000
3.850000 0.071200 -3192.000000
3.900000 0.049600 -2752.000000
3.950000 0.025600 -2808.000000
4.000000 0.009600 -3048.000000
4.050000 0.065600 -2560.000000
4.100000 0.034400 -2568.000000
4.150000 0.036800 -2616.000000
4.200000 0.002400 -2696.000000
4.250000 0.039200 -2560.000000
4.300000 0.051200 -2312.000000
4.350000 0.040800 -2704.000000
4.400000 0.034400 -2440.000000
4.450000 0.015200 -2272.000000
4.500000 0.013600 -2480.000000
4.550000 0.050400 -2328.000000
4.600000 0.035200 -2456.000000
4.650000 0.018400 -2248.000000
4.700000 0.084000 -2624.000000
4.750000 0.012000 -2528.000000
4.800000 0.032800 -2344.000000
4.850000 0.016800 -2376.000000
4.900000 0.016000 -2192.000000
4.950000 0.073600 -2176.000000
